(1, 1, 92)
(2, 27, 48)
(3, 24, 101)
(4, 38, 79)
(5, 32, 69)
(6, 33, 38)
(7, 31, 94)
(8, 25, 53)
(9, 31, 35)
(10, 20, 40)
(11, 34, 74)
(12, 34, 45)
(13, 36, 82)
(14, 31, 86)
(15, 19, 96)
(16, 27, 57)
(17, 30, 80)
(18, 22, 54)
(19, 31, 81)
(20, 33, 48)
(21, 28, 84)
(22, 24, 46)
(23, 22, 91)
(24, 27, 63)
(25, 29, 64)
(26, 34, 40)
(27, 21, 43)
(28, 25, 36)
(29, 30, 68)
(30, 29, 71)
(31, 38, 97)
(32, 38, 74)
(33, 21, 97)
(34, 19, 66)
(35, 21, 33)
(36, 38, 68)
(37, 19, 68)
(38, 28, 34)
(39, 30, 33)
(40, 31, 56)
(41, 38, 69)
(42, 22, 70)
(43, 20, 52)
(44, 24, 100)
(45, 33, 93)
(46, 35, 60)
(47, 20, 92)
(48, 35, 62)
(49, 23, 77)
(50, 21, 52)
(51, 35, 49)
(52, 26, 73)
(53, 38, 73)
(54, 31, 88)
(55, 28, 47)
(56, 27, 74)
(57, 34, 99)
(58, 23, 56)
(59, 37, 88)
(60, 37, 60)
(61, 22, 81)
(62, 33, 43)
(63, 29, 44)
(64, 31, 87)
(65, 28, 58)
(66, 20, 38)
(67, 29, 80)
(68, 21, 74)
(69, 31, 49)
(70, 21, 91)
(71, 30, 34)
(72, 34, 88)
(73, 23, 47)
(74, 22, 36)
(75, 24, 38)
(76, 28, 74)
(77, 31, 101)
(78, 33, 92)
(79, 34, 58)
(80, 25, 87)
(81, 26, 81)
(82, 22, 83)
(83, 21, 67)
(84, 27, 36)
(85, 20, 75)
(86, 26, 80)
(87, 31, 63)
(88, 21, 82)
(89, 33, 98)
(90, 29, 48)
(91, 36, 60)
(92, 32, 37)
(93, 36, 50)
(94, 26, 61)
(95, 36, 95)
(96, 21, 80)
(97, 28, 38)
(98, 33, 81)
(99, 34, 46)
(100, 28, 93)
(101, 31, 35)
(102, 33, 34)
(103, 38, 98)
(104, 36, 65)
(105, 34, 94)
(106, 25, 36)
(107, 23, 75)
(108, 36, 72)
(109, 36, 46)
(110, 31, 56)
(111, 35, 80)
(112, 33, 74)
(113, 22, 39)
(114, 31, 89)
(115, 25, 101)
(116, 20, 55)
(117, 28, 59)
(118, 33, 94)
(119, 36, 37)
(120, 23, 89)
(121, 19, 97)
(122, 33, 51)
(123, 32, 99)
(124, 36, 83)
(125, 21, 86)
(126, 30, 89)
(127, 21, 46)
(128, 35, 61)
(129, 37, 66)
(130, 37, 85)
(131, 27, 37)
(132, 37, 83)
(133, 38, 82)
(134, 30, 49)
(135, 37, 44)
(136, 34, 99)
(137, 30, 98)
(138, 32, 49)
(139, 37, 94)
(140, 26, 34)
(141, 21, 92)
(142, 38, 57)
(143, 22, 74)
(144, 27, 62)
(145, 21, 85)
(146, 37, 85)
(147, 34, 39)
(148, 33, 43)
(149, 24, 91)
(150, 36, 43)
(151, 22, 92)
(152, 21, 70)
(153, 20, 37)
(154, 23, 81)
(155, 36, 83)
(156, 19, 100)
(157, 26, 36)
(158, 31, 69)
(159, 36, 88)
(160, 21, 102)
(161, 23, 63)
(162, 20, 34)
(163, 22, 39)
(164, 20, 76)
(165, 35, 63)
(166, 24, 56)
(167, 20, 91)
(168, 34, 88)
(169, 36, 77)
(170, 30, 75)
(171, 38, 61)
(172, 35, 42)
(173, 21, 75)
(174, 35, 98)
(175, 24, 86)
(176, 35, 72)
(177, 28, 76)
(178, 30, 63)
(179, 38, 38)
(180, 36, 55)
(181, 36, 48)
(182, 22, 56)
(183, 38, 42)
(184, 26, 82)
(185, 36, 84)
(186, 20, 74)
(187, 19, 52)
(188, 35, 90)
(189, 34, 43)
(190, 25, 73)
(191, 37, 38)
(192, 28, 63)
(193, 36, 57)
(194, 23, 34)
(195, 29, 59)
(196, 35, 55)
(197, 23, 72)
(198, 30, 46)
(199, 32, 41)
(200, 23, 92)
(201, 35, 59)
(202, 28, 84)
(203, 25, 82)
(204, 26, 83)
(205, 33, 38)
(206, 24, 72)
(207, 19, 45)
(208, 24, 83)
(209, 36, 37)
(210, 37, 39)
(211, 29, 60)
(212, 37, 75)
(213, 33, 44)
(214, 27, 68)
(215, 37, 93)
(216, 24, 48)
(217, 24, 52)
(218, 20, 50)
(219, 24, 98)
(220, 20, 84)
(221, 25, 45)
(222, 33, 52)
(223, 30, 94)
(224, 27, 36)
(225, 32, 102)
(226, 27, 74)
(227, 35, 99)
(228, 29, 34)
(229, 23, 78)
(230, 25, 63)
(231, 34, 41)
(232, 31, 87)
(233, 19, 69)
(234, 32, 99)
(235, 38, 42)
(236, 30, 96)
(237, 20, 56)
(238, 23, 44)
(239, 26, 74)
(240, 38, 37)
(241, 33, 99)
(242, 27, 91)
(243, 35, 76)
(244, 34, 78)
(245, 23, 65)
(246, 36, 33)
(247, 34, 54)
(248, 24, 45)
(249, 22, 92)
(250, 20, 53)
(251, 24, 98)
(252, 29, 85)
(253, 21, 92)
(254, 31, 39)
(255, 24, 96)
(256, 19, 93)
(257, 30, 62)
(258, 33, 69)
(259, 22, 59)
(260, 27, 44)
(261, 20, 76)
(262, 33, 95)
(263, 25, 64)
(264, 33, 80)
(265, 24, 60)
(266, 19, 71)
(267, 20, 34)
(268, 21, 64)
(269, 31, 95)
(270, 21, 76)
(271, 35, 90)
(272, 22, 49)
(273, 37, 82)
(274, 29, 97)
(275, 19, 41)
(276, 23, 82)
(277, 30, 73)
(278, 20, 83)
(279, 34, 87)
(280, 28, 102)
(281, 31, 81)
(282, 35, 50)
(283, 20, 76)
(284, 25, 76)
(285, 30, 77)
(286, 24, 42)
(287, 32, 84)
(288, 38, 58)
(289, 35, 62)
(290, 32, 85)
(291, 22, 81)
(292, 31, 91)
(293, 21, 38)
(294, 28, 100)
(295, 33, 63)
(296, 32, 61)
(297, 36, 82)
(298, 38, 83)
(299, 20, 52)
(300, 22, 81)
(301, 37, 42)
(302, 20, 90)
(303, 26, 68)
(304, 26, 56)
(305, 29, 43)
(306, 20, 78)
(307, 20, 47)
(308, 27, 92)
(309, 31, 93)
(310, 21, 42)
(311, 21, 52)
(312, 33, 66)
(313, 34, 48)
(314, 19, 58)
(315, 27, 57)
(316, 38, 58)
(317, 20, 48)
(318, 33, 72)
(319, 23, 72)
(320, 31, 57)
(321, 32, 66)
(322, 32, 42)
(323, 37, 64)
(324, 27, 55)
(325, 36, 99)
(326, 34, 86)
(327, 31, 52)
(328, 32, 44)
(329, 31, 83)
(330, 38, 96)
(331, 30, 72)
(332, 19, 81)
(333, 23, 41)
(334, 33, 61)
(335, 33, 73)
(336, 30, 100)
(337, 23, 71)
(338, 32, 87)
(339, 30, 55)
(340, 30, 90)
(341, 37, 73)
(342, 36, 100)
(343, 38, 36)
(344, 25, 66)
(345, 37, 81)
(346, 34, 85)
(347, 26, 33)
(348, 32, 63)
(349, 20, 35)
(350, 35, 83)
(351, 36, 68)
(352, 31, 37)
(353, 31, 49)
(354, 24, 51)
(355, 22, 60)
(356, 34, 101)
(357, 38, 34)
(358, 24, 89)
(359, 27, 87)
(360, 33, 62)
(361, 35, 61)
(362, 24, 76)
(363, 38, 68)
(364, 26, 61)
(365, 24, 85)
(366, 32, 89)
(367, 23, 100)
(368, 38, 57)
(369, 24, 93)
(370, 27, 47)
(371, 27, 69)
(372, 27, 77)
(373, 22, 62)
(374, 19, 42)
(375, 24, 43)
(376, 19, 91)
(377, 21, 35)
(378, 20, 76)
(379, 24, 44)
(380, 34, 67)
(381, 24, 68)
(382, 28, 43)
(383, 28, 44)
(384, 29, 48)
(385, 38, 36)
(386, 38, 67)
(387, 26, 56)
(388, 38, 83)
(389, 37, 46)
(390, 24, 84)
(391, 36, 82)
(392, 32, 93)
(393, 24, 52)
(394, 34, 35)
(395, 34, 62)
(396, 24, 80)
(397, 34, 74)
(398, 19, 90)
(399, 24, 66)
(400, 29, 96)
(401, 22, 69)
(402, 34, 63)
(403, 30, 56)
(404, 26, 95)
(405, 27, 55)
(406, 19, 91)
(407, 19, 84)
(408, 25, 70)
(409, 36, 84)
(410, 29, 69)
(411, 38, 62)
(412, 27, 46)
(413, 23, 62)
(414, 26, 39)
(415, 26, 58)
(416, 29, 33)
(417, 25, 85)
(418, 23, 49)
(419, 23, 39)
(420, 37, 62)
(421, 37, 49)
(422, 33, 55)
(423, 33, 41)
(424, 38, 90)
(425, 32, 59)
(426, 25, 57)
(427, 27, 92)
(428, 31, 48)
(429, 25, 43)
(430, 30, 93)
(431, 29, 78)
(432, 27, 65)
(433, 28, 51)
(434, 21, 60)
(435, 33, 53)
(436, 27, 98)
(437, 37, 49)
(438, 29, 65)
(439, 22, 89)
(440, 33, 35)
(441, 26, 68)
(442, 22, 95)
(443, 25, 102)
(444, 27, 61)
(445, 36, 79)
(446, 20, 91)
(447, 32, 45)
(448, 31, 54)
(449, 37, 58)
(450, 19, 81)
(451, 33, 61)
(452, 19, 80)
(453, 34, 70)
(454, 35, 99)
(455, 30, 44)
(456, 37, 73)
(457, 22, 94)
(458, 32, 97)
(459, 20, 88)
(460, 32, 67)
(461, 24, 44)
(462, 27, 70)
(463, 31, 82)
(464, 26, 80)
(465, 28, 96)
(466, 26, 44)
(467, 28, 37)
(468, 21, 70)
(469, 23, 77)
(470, 27, 73)
(471, 31, 44)
(472, 33, 95)
(473, 34, 54)
(474, 22, 78)
(475, 35, 46)
(476, 36, 43)
(477, 32, 87)
(478, 31, 94)
(479, 30, 70)
(480, 37, 58)
(481, 29, 93)
(482, 24, 33)
(483, 29, 95)
(484, 30, 46)
(485, 32, 56)
(486, 37, 94)
(487, 35, 38)
(488, 35, 56)
(489, 27, 39)
(490, 35, 45)
(491, 19, 48)
(492, 26, 89)
(493, 25, 73)
(494, 24, 87)
(495, 37, 88)
(496, 27, 54)
(497, 28, 96)
(498, 27, 59)
(499, 37, 42)
(500, 32, 93)
(501, 25, 89)
(502, 34, 38)
(503, 22, 86)
(504, 38, 53)
(505, 23, 47)
(506, 26, 84)
(507, 27, 53)
(508, 30, 34)
(509, 29, 98)
(510, 25, 52)
(511, 22, 50)
(512, 26, 35)
(513, 24, 82)
(514, 37, 64)
(515, 24, 44)
(516, 37, 97)
(517, 24, 53)
(518, 27, 44)
(519, 24, 92)
(520, 22, 73)
(521, 31, 100)
(522, 28, 77)
(523, 32, 51)
(524, 36, 83)
(525, 26, 88)
(526, 24, 71)
(527, 36, 34)
(528, 27, 43)
(529, 25, 101)
(530, 31, 46)
(531, 27, 39)
(532, 29, 73)
(533, 23, 79)
(534, 32, 79)
(535, 31, 42)
(536, 37, 75)
(537, 31, 72)
(538, 22, 68)
(539, 28, 78)
(540, 31, 35)
(541, 19, 53)
(542, 27, 62)
(543, 23, 101)
(544, 37, 87)
(545, 31, 39)
(546, 29, 87)
(547, 21, 102)
(548, 35, 77)
(549, 23, 73)
(550, 25, 100)
(551, 32, 55)
(552, 24, 99)
(553, 22, 100)
(554, 38, 74)
(555, 20, 50)
(556, 33, 55)
(557, 35, 57)
(558, 33, 66)
(559, 32, 35)
(560, 25, 37)
(561, 38, 70)
(562, 34, 63)
(563, 30, 78)
(564, 27, 83)
(565, 22, 37)
(566, 38, 97)
(567, 31, 61)
(568, 30, 54)
(569, 26, 63)
(570, 33, 54)
(571, 19, 85)
(572, 32, 39)
(573, 25, 68)
(574, 27, 67)
(575, 25, 53)
(576, 22, 59)
(577, 22, 50)
(578, 19, 69)
(579, 36, 35)
(580, 35, 82)
(581, 32, 61)
(582, 27, 62)
(583, 33, 58)
(584, 29, 79)
(585, 20, 58)
(586, 38, 56)
(587, 32, 74)
(588, 24, 65)
(589, 24, 49)
(590, 26, 55)
(591, 28, 68)
(592, 37, 33)
(593, 26, 52)
(594, 31, 72)
(595, 38, 35)
(596, 26, 77)
(597, 20, 49)
(598, 30, 43)
(599, 21, 60)
(600, 29, 41)
(601, 35, 87)
(602, 19, 87)
(603, 34, 37)
(604, 20, 43)
(605, 19, 101)
(606, 37, 56)
(607, 31, 46)
(608, 32, 91)
(609, 20, 70)
(610, 21, 44)
(611, 36, 36)
(612, 25, 91)
(613, 20, 64)
(614, 38, 92)
(615, 28, 88)
(616, 24, 85)
(617, 26, 64)
(618, 33, 46)
(619, 22, 94)
(620, 24, 35)
(621, 32, 56)
(622, 26, 51)
(623, 26, 98)
(624, 31, 82)
(625, 30, 60)
(626, 37, 77)
(627, 19, 78)
(628, 21, 42)
(629, 24, 98)
(630, 37, 97)
(631, 36, 43)
(632, 35, 68)
(633, 26, 93)
(634, 26, 86)
(635, 36, 56)
(636, 32, 56)
(637, 33, 90)
(638, 29, 44)
(639, 33, 33)
(640, 34, 85)
(641, 23, 62)
(642, 22, 99)
(643, 32, 75)
(644, 24, 90)
(645, 29, 33)
(646, 21, 91)
(647, 38, 39)
(648, 25, 86)
(649, 19, 63)
(650, 34, 61)
(651, 19, 68)
(652, 32, 36)
(653, 34, 57)
(654, 36, 71)
(655, 28, 84)
(656, 27, 68)
(657, 28, 95)
(658, 37, 51)
(659, 32, 70)
(660, 19, 79)
(661, 33, 101)
(662, 33, 100)
(663, 25, 37)
(664, 28, 66)
(665, 28, 39)
(666, 29, 36)
(667, 35, 61)
(668, 36, 83)
(669, 38, 68)
(670, 33, 71)
(671, 34, 47)
(672, 37, 96)
(673, 36, 66)
(674, 34, 42)
(675, 20, 84)
(676, 34, 81)
(677, 32, 77)
(678, 35, 58)
(679, 30, 47)
(680, 25, 67)
(681, 31, 64)
(682, 30, 56)
(683, 22, 35)
(684, 22, 93)
(685, 38, 65)
(686, 27, 70)
(687, 25, 95)
(688, 31, 68)
(689, 25, 68)
(690, 34, 52)
(691, 28, 62)
(692, 36, 83)
(693, 35, 90)
(694, 31, 34)
(695, 34, 97)
(696, 36, 46)
(697, 26, 89)
(698, 20, 50)
(699, 24, 76)
(700, 29, 45)
(701, 36, 57)
(702, 37, 67)
(703, 28, 35)
(704, 19, 71)
(705, 19, 93)
(706, 35, 38)
(707, 30, 72)
(708, 27, 33)
(709, 37, 38)
(710, 19, 35)
(711, 36, 34)
(712, 36, 62)
(713, 25, 35)
(714, 35, 85)
(715, 32, 38)
(716, 27, 95)
(717, 22, 80)
(718, 20, 50)
(719, 25, 62)
(720, 25, 68)
(721, 25, 59)
(722, 35, 38)
(723, 23, 47)
(724, 23, 86)
(725, 19, 66)
(726, 28, 90)
(727, 33, 55)
(728, 32, 66)
(729, 38, 39)
(730, 24, 46)
(731, 34, 95)
(732, 35, 82)
(733, 25, 95)
(734, 32, 71)
(735, 28, 67)
(736, 28, 43)
(737, 22, 73)
(738, 30, 79)
(739, 20, 76)
(740, 25, 91)
(741, 22, 35)
(742, 31, 74)
(743, 20, 73)
(744, 27, 72)
(745, 35, 48)
(746, 35, 91)
(747, 24, 58)
(748, 36, 78)
(749, 19, 36)
(750, 28, 66)
(751, 25, 49)
(752, 32, 44)
(753, 23, 81)
(754, 32, 100)
(755, 34, 97)
(756, 27, 79)
(757, 34, 37)
(758, 28, 84)
(759, 29, 95)
(760, 29, 58)
(761, 26, 98)
(762, 38, 69)
(763, 20, 50)
(764, 31, 97)
(765, 28, 74)
(766, 30, 69)
(767, 38, 66)
(768, 38, 64)
(769, 34, 64)
(770, 22, 92)
(771, 23, 95)
(772, 35, 73)
(773, 25, 76)
(774, 28, 67)
(775, 34, 40)
(776, 26, 45)
(777, 31, 65)
(778, 26, 87)
(779, 22, 43)
(780, 21, 101)
(781, 33, 64)
(782, 38, 84)
(783, 24, 56)
(784, 37, 75)
(785, 29, 67)
(786, 31, 36)
(787, 38, 85)
(788, 29, 79)
(789, 28, 50)
(790, 38, 84)
(791, 22, 77)
(792, 24, 100)
(793, 22, 62)
(794, 24, 61)
(795, 20, 91)
(796, 33, 51)
(797, 22, 37)
(798, 26, 69)
(799, 32, 65)
(800, 25, 57)
(801, 32, 81)
(802, 37, 83)
(803, 28, 50)
(804, 22, 102)
(805, 35, 67)
(806, 26, 79)
(807, 28, 40)
(808, 19, 66)
(809, 22, 87)
(810, 27, 96)
(811, 26, 35)
(812, 29, 46)
(813, 28, 80)
(814, 27, 82)
(815, 28, 46)
(816, 23, 82)
(817, 26, 33)
(818, 37, 102)
(819, 23, 61)
(820, 38, 84)
(821, 28, 41)
(822, 32, 75)
(823, 28, 101)
(824, 38, 94)
(825, 26, 67)
(826, 29, 68)
(827, 24, 35)
(828, 34, 63)
(829, 37, 50)
(830, 35, 87)
(831, 28, 33)
(832, 30, 90)
(833, 36, 67)
(834, 31, 91)
(835, 21, 56)
(836, 25, 100)
(837, 35, 35)
(838, 19, 54)
(839, 22, 56)
(840, 28, 78)
(841, 26, 74)
(842, 29, 51)
(843, 38, 36)
(844, 23, 66)
(845, 21, 72)
(846, 23, 43)
(847, 23, 93)
(848, 19, 71)
(849, 21, 52)
(850, 20, 73)
(851, 32, 101)
(852, 31, 68)
(853, 32, 87)
(854, 27, 41)
(855, 29, 50)
(856, 21, 49)
(857, 30, 54)
(858, 26, 36)
(859, 35, 40)
(860, 32, 36)
(861, 34, 37)
(862, 26, 59)
(863, 24, 88)
(864, 30, 44)
(865, 26, 78)
(866, 36, 73)
(867, 22, 98)
(868, 27, 39)
(869, 19, 81)
(870, 22, 76)
(871, 24, 84)
(872, 25, 33)
(873, 34, 91)
(874, 38, 60)
(875, 20, 93)
(876, 27, 101)
(877, 28, 65)
(878, 25, 88)
(879, 19, 98)
(880, 31, 36)
(881, 37, 93)
(882, 23, 34)
(883, 20, 60)
(884, 21, 96)
(885, 26, 57)
(886, 28, 80)
(887, 28, 94)
(888, 21, 56)
(889, 33, 49)
(890, 20, 46)
(891, 25, 70)
(892, 28, 61)
(893, 37, 73)
(894, 29, 85)
(895, 22, 79)
(896, 37, 33)
(897, 20, 39)
(898, 37, 84)
(899, 26, 97)
(900, 32, 39)
(901, 28, 78)
(902, 33, 65)
(903, 28, 39)
(904, 20, 102)
(905, 23, 102)
(906, 34, 40)
(907, 28, 98)
(908, 29, 41)
(909, 19, 94)
(910, 24, 76)
(911, 34, 49)
(912, 21, 71)
(913, 29, 81)
(914, 30, 77)
(915, 20, 49)
(916, 21, 84)
(917, 30, 74)
(918, 25, 99)
(919, 34, 55)
(920, 28, 67)
(921, 26, 38)
(922, 34, 51)
(923, 24, 63)
(924, 34, 78)
(925, 37, 82)
(926, 26, 65)
(927, 26, 61)
(928, 31, 66)
(929, 37, 78)
(930, 24, 59)
(931, 27, 81)
(932, 28, 93)
(933, 26, 52)
(934, 35, 71)
(935, 37, 45)
(936, 19, 88)
(937, 36, 38)
(938, 24, 62)
(939, 21, 91)
(940, 37, 59)
(941, 19, 89)
(942, 30, 74)
(943, 25, 63)
(944, 21, 82)
(945, 38, 46)
(946, 33, 90)
(947, 27, 38)
(948, 34, 62)
(949, 29, 84)
(950, 29, 59)
(951, 36, 45)
(952, 25, 43)
(953, 33, 85)
(954, 34, 84)
(955, 29, 47)
(956, 21, 56)
(957, 23, 92)
(958, 34, 71)
(959, 29, 63)
(960, 31, 41)
(961, 21, 47)
(962, 30, 73)
(963, 25, 53)
(964, 25, 47)
(965, 30, 67)
(966, 32, 72)
(967, 26, 64)
(968, 32, 88)
(969, 31, 94)
(970, 37, 58)
(971, 21, 67)
(972, 24, 97)
(973, 28, 62)
(974, 31, 101)
(975, 29, 47)
(976, 35, 53)
(977, 22, 60)
(978, 28, 36)
(979, 20, 93)
(980, 32, 98)
(981, 24, 74)
(982, 29, 75)
(983, 27, 58)
(984, 31, 85)
(985, 27, 102)
(986, 20, 35)
(987, 33, 46)
(988, 25, 67)
(989, 27, 62)
(990, 28, 56)
(991, 38, 70)
(992, 32, 43)
(993, 30, 88)
(994, 35, 62)
(995, 35, 98)
(996, 38, 58)
(997, 33, 61)
(998, 37, 61)
(999, 31, 76)
(1000, 26, 35)
(1001, 19, 40)
(1002, 32, 60)
(1003, 27, 63)
(1004, 25, 55)
(1005, 24, 65)
(1006, 31, 44)
(1007, 27, 33)
(1008, 26, 50)
(1009, 38, 65)
(1010, 38, 73)
(1011, 20, 98)
(1012, 28, 60)
(1013, 23, 79)
(1014, 30, 82)
(1015, 37, 36)
(1016, 24, 75)
(1017, 35, 91)
(1018, 31, 61)
(1019, 27, 97)
(1020, 28, 67)
(1021, 19, 83)
(1022, 23, 40)
(1023, 35, 48)
(1024, 35, 33)
(1025, 35, 77)
(1026, 34, 69)
(1027, 27, 66)
(1028, 23, 100)
(1029, 26, 57)
(1030, 30, 90)
(1031, 19, 93)
(1032, 21, 65)
(1033, 21, 46)
(1034, 34, 73)
(1035, 23, 86)
(1036, 30, 87)
(1037, 32, 42)
(1038, 22, 68)
(1039, 28, 67)
(1040, 35, 88)
(1041, 28, 94)
(1042, 30, 91)
(1043, 19, 59)
(1044, 27, 49)
(1045, 25, 92)
(1046, 31, 42)
(1047, 28, 78)
(1048, 22, 50)
(1049, 37, 91)
(1050, 34, 67)
(1051, 31, 74)
(1052, 27, 85)
(1053, 26, 54)
(1054, 26, 96)
(1055, 22, 52)
(1056, 22, 40)
(1057, 31, 88)
(1058, 23, 64)
(1059, 19, 74)
(1060, 34, 56)
(1061, 34, 38)
(1062, 34, 57)
(1063, 21, 58)
(1064, 36, 101)
(1065, 29, 84)
(1066, 33, 35)
(1067, 36, 96)
(1068, 20, 33)
(1069, 37, 92)
(1070, 37, 79)
(1071, 34, 84)
(1072, 33, 43)
(1073, 29, 72)
(1074, 19, 90)
(1075, 31, 35)
(1076, 25, 101)
(1077, 32, 59)
(1078, 30, 70)
(1079, 32, 84)
(1080, 26, 98)
(1081, 31, 82)
(1082, 32, 83)
(1083, 37, 62)
(1084, 21, 69)
(1085, 30, 85)
(1086, 37, 85)
(1087, 28, 61)
(1088, 35, 91)
(1089, 20, 45)
(1090, 38, 49)
(1091, 25, 98)
(1092, 35, 60)
(1093, 19, 74)
(1094, 30, 90)
(1095, 25, 70)
(1096, 25, 97)
(1097, 23, 36)
(1098, 38, 82)
(1099, 38, 48)
(1100, 31, 90)
(1101, 21, 68)
(1102, 22, 50)
(1103, 35, 38)
(1104, 26, 68)
(1105, 33, 89)
(1106, 23, 59)
(1107, 33, 83)
(1108, 32, 73)
(1109, 32, 97)
(1110, 23, 81)
(1111, 31, 91)
(1112, 38, 44)
(1113, 35, 89)
(1114, 34, 64)
(1115, 34, 69)
(1116, 29, 44)
(1117, 27, 66)
(1118, 26, 48)
(1119, 35, 87)
(1120, 26, 61)
(1121, 19, 54)
(1122, 27, 39)
(1123, 37, 53)
(1124, 20, 77)
(1125, 38, 39)
(1126, 28, 39)
(1127, 34, 69)
(1128, 24, 74)
(1129, 32, 49)
(1130, 33, 69)
(1131, 31, 66)
(1132, 37, 101)
(1133, 27, 50)
(1134, 32, 45)
(1135, 19, 64)
(1136, 19, 39)
(1137, 26, 94)
(1138, 35, 57)
(1139, 36, 38)
(1140, 29, 84)
(1141, 25, 47)
(1142, 21, 52)
(1143, 27, 49)
(1144, 24, 36)
(1145, 31, 88)
(1146, 22, 86)
(1147, 29, 57)
(1148, 30, 85)
(1149, 21, 85)
(1150, 30, 52)
(1151, 24, 55)
(1152, 27, 44)
(1153, 23, 51)
(1154, 19, 83)
(1155, 26, 73)
(1156, 24, 89)
(1157, 27, 88)
(1158, 32, 38)
(1159, 33, 56)
(1160, 20, 34)
(1161, 38, 94)
(1162, 27, 68)
(1163, 21, 80)
(1164, 19, 42)
(1165, 24, 45)
(1166, 21, 71)
(1167, 24, 96)
(1168, 27, 64)
(1169, 33, 86)
(1170, 20, 37)
(1171, 20, 42)
(1172, 36, 46)
(1173, 21, 63)
(1174, 38, 61)
(1175, 38, 90)
(1176, 19, 102)
(1177, 19, 61)
(1178, 36, 51)
(1179, 23, 50)
(1180, 28, 81)
(1181, 34, 68)
(1182, 22, 101)
(1183, 28, 62)
(1184, 33, 52)
(1185, 21, 34)
(1186, 34, 102)
(1187, 36, 39)
(1188, 37, 91)
(1189, 31, 52)
(1190, 20, 90)
(1191, 26, 55)
(1192, 33, 76)
(1193, 32, 54)
(1194, 19, 82)
(1195, 26, 72)
(1196, 34, 78)
(1197, 29, 102)
(1198, 27, 72)
(1199, 20, 53)
(1200, 27, 90)
(1201, 31, 92)
(1202, 33, 39)
(1203, 31, 77)
(1204, 24, 67)
(1205, 21, 66)
(1206, 29, 58)
(1207, 26, 41)
(1208, 20, 86)
(1209, 28, 96)
(1210, 26, 55)
(1211, 22, 71)
(1212, 25, 49)
(1213, 32, 35)
(1214, 21, 65)
(1215, 27, 59)
(1216, 31, 82)
(1217, 23, 68)
(1218, 26, 67)
(1219, 32, 54)
(1220, 26, 100)
(1221, 34, 55)
(1222, 24, 34)
(1223, 27, 64)
(1224, 38, 87)
(1225, 33, 34)
(1226, 27, 58)
(1227, 23, 77)
(1228, 27, 37)
(1229, 33, 40)
(1230, 27, 97)
(1231, 28, 66)
(1232, 26, 40)
(1233, 19, 73)
(1234, 35, 70)
(1235, 38, 93)
(1236, 22, 101)
(1237, 19, 82)
(1238, 19, 84)
(1239, 34, 46)
(1240, 20, 75)
(1241, 24, 75)
(1242, 24, 40)
(1243, 19, 83)
(1244, 31, 49)
(1245, 24, 41)
(1246, 19, 53)
(1247, 28, 74)
(1248, 20, 85)
(1249, 24, 101)
(1250, 38, 88)
(1251, 25, 69)
(1252, 36, 91)
(1253, 30, 92)
(1254, 34, 70)
(1255, 28, 52)
(1256, 19, 55)
(1257, 25, 59)
(1258, 32, 72)
(1259, 28, 71)
(1260, 29, 75)
(1261, 35, 85)
(1262, 28, 96)
(1263, 30, 97)
(1264, 33, 69)
(1265, 23, 87)
(1266, 32, 97)
(1267, 32, 46)
(1268, 26, 80)
(1269, 29, 92)
(1270, 22, 49)
(1271, 32, 72)
(1272, 38, 84)
(1273, 29, 71)
(1274, 22, 64)
(1275, 29, 75)
(1276, 27, 40)
(1277, 30, 72)
(1278, 27, 34)
(1279, 30, 60)
(1280, 30, 64)
(1281, 37, 84)
(1282, 31, 94)
(1283, 26, 97)
(1284, 29, 64)
(1285, 21, 79)
(1286, 36, 77)
(1287, 30, 57)
(1288, 26, 49)
(1289, 32, 48)
(1290, 26, 42)
(1291, 33, 45)
(1292, 27, 63)
(1293, 25, 97)
(1294, 27, 74)
(1295, 31, 80)
(1296, 23, 51)
(1297, 35, 52)
(1298, 32, 72)
(1299, 31, 75)
(1300, 33, 40)
(1301, 33, 50)
(1302, 31, 101)
(1303, 27, 74)
(1304, 30, 79)
(1305, 38, 40)
(1306, 24, 77)
(1307, 25, 57)
(1308, 29, 53)
(1309, 22, 62)
(1310, 33, 92)
(1311, 20, 79)
(1312, 30, 33)
(1313, 36, 56)
(1314, 34, 77)
(1315, 28, 98)
(1316, 21, 58)
(1317, 31, 96)
(1318, 27, 77)
(1319, 37, 71)
(1320, 19, 67)
(1321, 26, 87)
(1322, 24, 79)
(1323, 26, 47)
(1324, 36, 55)
(1325, 35, 90)
(1326, 24, 86)
(1327, 35, 82)
(1328, 37, 97)
(1329, 34, 60)
(1330, 27, 72)
(1331, 28, 61)
(1332, 23, 64)
(1333, 36, 96)
(1334, 27, 101)
(1335, 30, 97)
(1336, 38, 74)
(1337, 32, 87)
(1338, 37, 92)
(1339, 33, 90)
(1340, 30, 87)
(1341, 19, 75)
(1342, 31, 60)
(1343, 37, 91)
(1344, 38, 54)
(1345, 36, 94)
(1346, 20, 85)
(1347, 35, 95)
(1348, 24, 72)
(1349, 21, 98)
(1350, 36, 83)
(1351, 27, 63)
(1352, 29, 64)
(1353, 22, 93)
(1354, 36, 49)
(1355, 24, 82)
(1356, 32, 89)
(1357, 31, 35)
(1358, 37, 93)
(1359, 19, 75)
(1360, 22, 58)
(1361, 34, 97)
(1362, 26, 94)
(1363, 31, 100)
(1364, 20, 66)
(1365, 26, 81)
(1366, 21, 60)
(1367, 19, 53)
(1368, 36, 79)
(1369, 27, 52)
(1370, 22, 69)
(1371, 23, 69)
(1372, 24, 69)
(1373, 31, 39)
(1374, 33, 61)
(1375, 28, 38)
(1376, 25, 37)
(1377, 21, 99)
(1378, 21, 43)
(1379, 20, 65)
(1380, 31, 40)
(1381, 25, 43)
(1382, 23, 79)
(1383, 33, 60)
(1384, 29, 71)
(1385, 36, 46)
(1386, 26, 44)
(1387, 26, 68)
(1388, 19, 68)
(1389, 36, 66)
(1390, 27, 58)
(1391, 26, 44)
(1392, 37, 85)
(1393, 34, 47)
(1394, 23, 74)
(1395, 19, 91)
(1396, 23, 93)
(1397, 30, 70)
(1398, 32, 47)
(1399, 27, 51)
(1400, 21, 98)
(1401, 28, 35)
(1402, 19, 62)
(1403, 26, 90)
(1404, 22, 94)
(1405, 38, 83)
(1406, 24, 92)
(1407, 31, 102)
(1408, 23, 84)
(1409, 29, 64)
(1410, 29, 58)
(1411, 24, 64)
(1412, 38, 53)
(1413, 25, 71)
(1414, 32, 54)
(1415, 37, 93)
(1416, 35, 84)
(1417, 20, 74)
(1418, 27, 77)
(1419, 29, 69)
(1420, 23, 90)
(1421, 36, 37)
(1422, 37, 75)
(1423, 20, 85)
(1424, 33, 78)
(1425, 27, 61)
(1426, 22, 67)
(1427, 34, 37)
(1428, 27, 78)
(1429, 28, 40)
(1430, 22, 55)
(1431, 36, 62)
(1432, 25, 99)
(1433, 19, 50)
(1434, 22, 42)
(1435, 25, 94)
(1436, 30, 88)
(1437, 33, 40)
(1438, 29, 86)
(1439, 30, 46)
(1440, 32, 90)
(1441, 31, 37)
(1442, 22, 61)
(1443, 21, 38)
(1444, 27, 56)
(1445, 26, 55)
(1446, 37, 81)
(1447, 26, 79)
(1448, 31, 99)
(1449, 19, 56)
(1450, 34, 77)
(1451, 32, 86)
(1452, 25, 84)
(1453, 37, 78)
(1454, 21, 101)
(1455, 22, 76)
(1456, 35, 81)
(1457, 32, 96)
(1458, 22, 95)
(1459, 25, 94)
(1460, 21, 38)
(1461, 36, 101)
(1462, 29, 90)
(1463, 36, 74)
(1464, 25, 52)
(1465, 31, 93)
(1466, 25, 75)
(1467, 22, 75)
(1468, 20, 75)
(1469, 30, 100)
(1470, 21, 101)
(1471, 36, 65)
(1472, 30, 90)
(1473, 36, 48)
(1474, 30, 78)
(1475, 32, 70)
(1476, 36, 38)
(1477, 32, 69)
(1478, 37, 102)
(1479, 32, 40)
(1480, 34, 94)
(1481, 24, 88)
(1482, 33, 78)
(1483, 29, 65)
(1484, 29, 95)
(1485, 33, 74)
(1486, 33, 37)
(1487, 29, 89)
(1488, 30, 73)
(1489, 33, 76)
(1490, 27, 86)
(1491, 23, 85)
(1492, 19, 76)
(1493, 33, 95)
(1494, 29, 68)
(1495, 27, 35)
(1496, 34, 40)
(1497, 23, 46)
(1498, 25, 73)
(1499, 29, 48)
(1500, 25, 62)
(1501, 31, 90)
(1502, 38, 70)
(1503, 20, 34)
(1504, 25, 66)
(1505, 36, 35)
(1506, 27, 49)
(1507, 28, 72)
(1508, 35, 69)
(1509, 31, 48)
(1510, 24, 60)
(1511, 22, 33)
(1512, 31, 95)
(1513, 28, 74)
(1514, 22, 42)
(1515, 24, 69)
(1516, 38, 35)
(1517, 35, 70)
(1518, 36, 100)
(1519, 19, 63)
(1520, 30, 40)
(1521, 29, 56)
(1522, 24, 45)
(1523, 28, 77)
(1524, 28, 83)
(1525, 38, 68)
(1526, 27, 34)
(1527, 26, 47)
(1528, 21, 45)
(1529, 35, 65)
(1530, 36, 60)
(1531, 20, 60)
(1532, 22, 67)
(1533, 31, 56)
(1534, 38, 70)
(1535, 30, 97)
(1536, 24, 60)
(1537, 37, 82)
(1538, 20, 70)
(1539, 30, 48)
(1540, 37, 88)
(1541, 37, 56)
(1542, 23, 89)
(1543, 30, 57)
(1544, 30, 73)
(1545, 29, 89)
(1546, 19, 37)
(1547, 28, 34)
(1548, 35, 72)
(1549, 24, 57)
(1550, 21, 57)
(1551, 35, 36)
(1552, 25, 40)
(1553, 29, 84)
(1554, 29, 81)
(1555, 23, 80)
(1556, 30, 89)
(1557, 20, 79)
(1558, 34, 50)
(1559, 21, 96)
(1560, 29, 50)
(1561, 27, 66)
(1562, 19, 67)
(1563, 32, 53)
(1564, 25, 76)
(1565, 25, 88)
(1566, 33, 48)
(1567, 29, 95)
(1568, 26, 94)
(1569, 37, 47)
(1570, 19, 34)
(1571, 31, 62)
(1572, 31, 52)
(1573, 30, 92)
(1574, 24, 86)
(1575, 36, 50)
(1576, 35, 93)
(1577, 22, 63)
(1578, 24, 68)
(1579, 29, 102)
(1580, 20, 61)
(1581, 38, 37)
(1582, 27, 66)
(1583, 19, 81)
(1584, 20, 56)
(1585, 37, 73)
(1586, 36, 36)
(1587, 31, 42)
(1588, 19, 91)
(1589, 28, 64)
(1590, 35, 66)
(1591, 21, 79)
(1592, 19, 81)
(1593, 21, 88)
(1594, 21, 89)
(1595, 21, 95)
(1596, 30, 70)
(1597, 33, 77)
(1598, 32, 56)
(1599, 32, 97)
(1600, 21, 79)
(1601, 22, 101)
(1602, 24, 33)
(1603, 29, 83)
(1604, 28, 54)
(1605, 22, 40)
(1606, 29, 62)
(1607, 19, 65)
(1608, 34, 51)
(1609, 25, 98)
(1610, 22, 58)
(1611, 38, 60)
(1612, 29, 75)
(1613, 21, 49)
(1614, 36, 58)
(1615, 29, 38)
(1616, 26, 59)
(1617, 30, 68)
(1618, 21, 62)
(1619, 33, 61)
(1620, 37, 93)
(1621, 31, 91)
(1622, 26, 94)
(1623, 33, 35)
(1624, 24, 45)
(1625, 37, 76)
(1626, 35, 84)
(1627, 28, 83)
(1628, 27, 33)
(1629, 28, 100)
(1630, 23, 84)
(1631, 34, 37)
(1632, 28, 101)
(1633, 34, 97)
(1634, 21, 58)
(1635, 25, 40)
(1636, 33, 77)
(1637, 31, 80)
(1638, 36, 100)
(1639, 25, 69)
(1640, 24, 91)
(1641, 29, 38)
(1642, 34, 61)
(1643, 38, 71)
(1644, 33, 57)
(1645, 19, 57)
(1646, 30, 42)
(1647, 21, 90)
(1648, 35, 46)
(1649, 34, 35)
(1650, 22, 91)
(1651, 32, 51)
(1652, 24, 69)
(1653, 32, 51)
(1654, 27, 61)
(1655, 25, 52)
(1656, 23, 44)
(1657, 25, 57)
(1658, 24, 96)
(1659, 31, 49)
(1660, 20, 94)
(1661, 28, 44)
(1662, 34, 57)
(1663, 36, 93)
(1664, 22, 36)
(1665, 34, 39)
(1666, 34, 58)
(1667, 35, 38)
(1668, 35, 80)
(1669, 31, 53)
(1670, 26, 78)
(1671, 33, 100)
(1672, 32, 43)
(1673, 24, 83)
(1674, 26, 87)
(1675, 20, 68)
(1676, 33, 87)
(1677, 19, 49)
(1678, 33, 38)
(1679, 33, 74)
(1680, 36, 96)
(1681, 38, 83)
(1682, 32, 45)
(1683, 38, 56)
(1684, 31, 101)
(1685, 33, 41)
(1686, 36, 70)
(1687, 31, 35)
(1688, 22, 59)
(1689, 23, 64)
(1690, 27, 67)
(1691, 36, 96)
(1692, 38, 37)
(1693, 33, 72)
(1694, 25, 99)
(1695, 35, 64)
(1696, 27, 47)
(1697, 21, 102)
(1698, 35, 49)
(1699, 32, 36)
(1700, 30, 88)
(1701, 21, 69)
(1702, 20, 51)
(1703, 37, 39)
(1704, 33, 73)
(1705, 20, 82)
(1706, 37, 43)
(1707, 29, 41)
(1708, 20, 45)
(1709, 26, 95)
(1710, 37, 100)
(1711, 32, 73)
(1712, 33, 75)
(1713, 31, 89)
(1714, 24, 56)
(1715, 28, 45)
(1716, 32, 59)
(1717, 29, 34)
(1718, 30, 83)
(1719, 23, 90)
(1720, 34, 63)
(1721, 25, 69)
(1722, 38, 97)
(1723, 25, 56)
(1724, 27, 88)
(1725, 22, 60)
(1726, 21, 93)
(1727, 35, 69)
(1728, 20, 66)
(1729, 26, 35)
(1730, 37, 40)
(1731, 24, 99)
(1732, 33, 35)
(1733, 32, 97)
(1734, 38, 52)
(1735, 19, 71)
(1736, 29, 82)
(1737, 24, 74)
(1738, 28, 66)
(1739, 24, 100)
(1740, 29, 50)
(1741, 30, 95)
(1742, 28, 51)
(1743, 22, 82)
(1744, 30, 44)
(1745, 35, 97)
(1746, 28, 85)
(1747, 34, 82)
(1748, 19, 71)
(1749, 33, 91)
(1750, 37, 59)
(1751, 19, 34)
(1752, 37, 89)
(1753, 19, 59)
(1754, 21, 58)
(1755, 21, 98)
(1756, 37, 82)
(1757, 19, 49)
(1758, 28, 59)
(1759, 23, 36)
(1760, 36, 79)
(1761, 26, 54)
(1762, 28, 47)
(1763, 22, 78)
(1764, 37, 48)
(1765, 34, 88)
(1766, 29, 84)
(1767, 26, 78)
(1768, 35, 99)
(1769, 35, 64)
(1770, 26, 63)
(1771, 22, 49)
(1772, 38, 97)
(1773, 30, 94)
(1774, 28, 96)
(1775, 27, 51)
(1776, 25, 64)
(1777, 37, 102)
(1778, 20, 101)
(1779, 31, 58)
(1780, 28, 43)
(1781, 19, 68)
(1782, 29, 40)
(1783, 23, 96)
(1784, 37, 48)
(1785, 27, 82)
(1786, 38, 57)
(1787, 36, 36)
(1788, 22, 72)
(1789, 25, 99)
(1790, 32, 72)
(1791, 33, 54)
(1792, 37, 46)
(1793, 24, 39)
(1794, 37, 68)
(1795, 35, 51)
(1796, 33, 54)
(1797, 35, 58)
(1798, 20, 74)
(1799, 38, 74)
(1800, 37, 59)
(1801, 19, 87)
(1802, 34, 71)
(1803, 21, 95)
(1804, 23, 97)
(1805, 23, 89)
(1806, 30, 78)
(1807, 24, 64)
(1808, 23, 33)
(1809, 29, 67)
(1810, 20, 87)
(1811, 24, 86)
(1812, 36, 68)
(1813, 32, 100)
(1814, 36, 96)
(1815, 24, 38)
(1816, 24, 86)
(1817, 29, 75)
(1818, 22, 35)
(1819, 30, 69)
(1820, 24, 40)
(1821, 27, 90)
(1822, 38, 86)
(1823, 33, 45)
(1824, 26, 59)
(1825, 24, 89)
(1826, 22, 67)
(1827, 23, 90)
(1828, 38, 90)
(1829, 31, 99)
(1830, 21, 40)
(1831, 29, 59)
(1832, 23, 40)
(1833, 22, 97)
(1834, 38, 98)
(1835, 24, 101)
(1836, 28, 44)
(1837, 19, 75)
(1838, 26, 36)
(1839, 29, 45)
(1840, 28, 70)
(1841, 30, 55)
(1842, 24, 89)
(1843, 25, 35)
(1844, 31, 78)
(1845, 28, 57)
(1846, 19, 52)
(1847, 26, 63)
(1848, 31, 75)
(1849, 22, 76)
(1850, 19, 101)
(1851, 31, 72)
(1852, 35, 50)
(1853, 33, 49)
(1854, 36, 51)
(1855, 20, 90)
(1856, 33, 34)
(1857, 21, 102)
(1858, 27, 78)
(1859, 22, 52)
(1860, 24, 57)
(1861, 33, 57)
(1862, 27, 65)
(1863, 28, 84)
(1864, 26, 86)
(1865, 20, 67)
(1866, 34, 52)
(1867, 26, 50)
(1868, 24, 57)
(1869, 25, 52)
(1870, 21, 58)
(1871, 19, 86)
(1872, 37, 46)
(1873, 20, 33)
(1874, 36, 65)
(1875, 23, 39)
(1876, 31, 79)
(1877, 29, 68)
(1878, 33, 102)
(1879, 26, 94)
(1880, 23, 54)
(1881, 35, 82)
(1882, 26, 83)
(1883, 24, 83)
(1884, 35, 53)
(1885, 30, 38)
(1886, 24, 35)
(1887, 24, 70)
(1888, 36, 53)
(1889, 35, 39)
(1890, 32, 86)
(1891, 29, 57)
(1892, 36, 73)
(1893, 25, 75)
(1894, 20, 43)
(1895, 23, 53)
(1896, 28, 74)
(1897, 24, 46)
(1898, 20, 42)
(1899, 34, 77)
(1900, 37, 36)
(1901, 27, 45)
(1902, 30, 90)
(1903, 23, 50)
(1904, 23, 83)
(1905, 29, 56)
(1906, 37, 41)
(1907, 28, 42)
(1908, 22, 99)
(1909, 32, 60)
(1910, 21, 70)
(1911, 24, 38)
(1912, 23, 33)
(1913, 31, 53)
(1914, 30, 37)
(1915, 25, 36)
(1916, 22, 43)
(1917, 38, 73)
(1918, 32, 43)
(1919, 37, 83)
(1920, 34, 78)
(1921, 25, 80)
(1922, 33, 33)
(1923, 32, 97)
(1924, 37, 65)
(1925, 21, 35)
(1926, 30, 40)
(1927, 28, 73)
(1928, 21, 97)
(1929, 23, 36)
(1930, 35, 84)
(1931, 28, 90)
(1932, 23, 90)
(1933, 24, 33)
(1934, 31, 83)
(1935, 21, 94)
(1936, 25, 91)
(1937, 36, 44)
(1938, 34, 84)
(1939, 34, 39)
(1940, 27, 46)
(1941, 24, 34)
(1942, 29, 63)
(1943, 21, 95)
(1944, 28, 92)
(1945, 26, 60)
(1946, 29, 58)
(1947, 33, 95)
(1948, 22, 42)
(1949, 28, 54)
(1950, 20, 98)
(1951, 24, 37)
(1952, 21, 75)
(1953, 22, 83)
(1954, 37, 102)
(1955, 25, 83)
(1956, 38, 75)
(1957, 37, 34)
(1958, 38, 84)
(1959, 29, 62)
(1960, 25, 50)
(1961, 31, 79)
(1962, 30, 70)
(1963, 33, 58)
(1964, 35, 44)
(1965, 23, 91)
(1966, 36, 37)
(1967, 21, 65)
(1968, 24, 102)
(1969, 32, 57)
(1970, 32, 54)
(1971, 35, 72)
(1972, 29, 52)
(1973, 24, 52)
(1974, 25, 94)
(1975, 21, 34)
(1976, 34, 35)
(1977, 23, 78)
(1978, 27, 63)
(1979, 21, 78)
(1980, 24, 82)
(1981, 33, 88)
(1982, 31, 46)
(1983, 28, 75)
(1984, 23, 99)
(1985, 26, 101)
(1986, 38, 77)
(1987, 34, 90)
(1988, 28, 82)
(1989, 27, 44)
(1990, 28, 56)
(1991, 22, 97)
(1992, 20, 55)
(1993, 26, 37)
(1994, 31, 84)
(1995, 37, 62)
(1996, 26, 59)
(1997, 27, 78)
(1998, 19, 74)
(1999, 19, 94)
(2000, 31, 100)
(2001, 29, 78)
(2002, 23, 46)
(2003, 20, 71)
(2004, 23, 38)
(2005, 23, 80)
(2006, 28, 51)
(2007, 32, 92)
(2008, 28, 55)
(2009, 26, 69)
(2010, 29, 37)
(2011, 38, 68)
(2012, 26, 85)
(2013, 22, 50)
(2014, 36, 92)
(2015, 23, 46)
(2016, 27, 53)
(2017, 20, 73)
(2018, 26, 68)
(2019, 29, 46)
(2020, 20, 102)
(2021, 23, 74)
(2022, 29, 95)
(2023, 21, 49)
(2024, 28, 43)
(2025, 29, 61)
(2026, 20, 60)
(2027, 34, 78)
(2028, 19, 61)
(2029, 27, 76)
(2030, 36, 51)
(2031, 37, 48)
(2032, 21, 59)
(2033, 23, 70)
(2034, 32, 49)
(2035, 30, 72)
(2036, 25, 93)
(2037, 30, 38)
(2038, 34, 59)
(2039, 29, 44)
(2040, 22, 36)
(2041, 36, 34)
(2042, 27, 96)
(2043, 33, 69)
(2044, 24, 87)
(2045, 34, 75)
(2046, 31, 45)
(2047, 35, 88)
(2048, 37, 69)
(2049, 24, 85)
(2050, 20, 79)
(2051, 36, 84)
(2052, 35, 102)
(2053, 35, 48)
(2054, 35, 85)
(2055, 38, 59)
(2056, 21, 41)
(2057, 36, 81)
(2058, 26, 43)
(2059, 29, 57)
(2060, 21, 93)
(2061, 37, 39)
(2062, 32, 101)
(2063, 37, 59)
(2064, 29, 64)
(2065, 21, 91)
(2066, 19, 75)
(2067, 21, 37)
(2068, 24, 51)
(2069, 28, 70)
(2070, 35, 39)
(2071, 33, 48)
(2072, 31, 73)
(2073, 19, 57)
(2074, 24, 67)
(2075, 29, 93)
(2076, 19, 57)
(2077, 26, 43)
(2078, 25, 99)
(2079, 19, 85)
(2080, 36, 50)
(2081, 34, 57)
(2082, 26, 43)
(2083, 30, 62)
(2084, 21, 51)
(2085, 23, 71)
(2086, 29, 59)
(2087, 28, 98)
(2088, 29, 59)
(2089, 19, 97)
(2090, 25, 52)
(2091, 38, 68)
(2092, 30, 85)
(2093, 38, 49)
(2094, 22, 60)
(2095, 19, 59)
(2096, 36, 38)
(2097, 37, 36)
(2098, 37, 90)
(2099, 24, 101)
(2100, 26, 65)
(2101, 30, 93)
(2102, 26, 64)
(2103, 32, 61)
(2104, 19, 74)
(2105, 21, 75)
(2106, 32, 55)
(2107, 32, 38)
(2108, 37, 76)
(2109, 26, 33)
(2110, 28, 90)
(2111, 26, 88)
(2112, 31, 85)
(2113, 26, 102)
(2114, 24, 41)
(2115, 29, 81)
(2116, 19, 74)
(2117, 35, 102)
(2118, 25, 80)
(2119, 29, 91)
(2120, 26, 88)
(2121, 24, 58)
(2122, 33, 75)
(2123, 19, 88)
(2124, 26, 45)
(2125, 26, 96)
(2126, 25, 89)
(2127, 31, 40)
(2128, 22, 92)
(2129, 31, 51)
(2130, 35, 74)
(2131, 35, 34)
(2132, 35, 72)
(2133, 30, 102)
(2134, 36, 41)
(2135, 27, 39)
(2136, 29, 38)
(2137, 29, 34)
(2138, 33, 46)
(2139, 34, 47)
(2140, 26, 44)
(2141, 26, 93)
(2142, 32, 74)
(2143, 27, 43)
(2144, 24, 47)
(2145, 22, 64)
(2146, 26, 98)
(2147, 34, 57)
(2148, 24, 99)
(2149, 25, 44)
(2150, 19, 95)
(2151, 22, 55)
(2152, 27, 87)
(2153, 21, 56)
(2154, 37, 94)
(2155, 36, 84)
(2156, 36, 96)
(2157, 36, 83)
(2158, 25, 48)
(2159, 31, 49)
(2160, 28, 98)
(2161, 33, 35)
(2162, 30, 40)
(2163, 35, 89)
(2164, 33, 76)
(2165, 24, 55)
(2166, 33, 93)
(2167, 21, 91)
(2168, 22, 73)
(2169, 34, 73)
(2170, 26, 89)
(2171, 30, 93)
(2172, 19, 95)
(2173, 32, 69)
(2174, 33, 70)
(2175, 25, 94)
(2176, 27, 97)
(2177, 31, 92)
(2178, 30, 34)
(2179, 35, 83)
(2180, 32, 95)
(2181, 38, 59)
(2182, 37, 61)
(2183, 37, 96)
(2184, 30, 61)
(2185, 34, 34)
(2186, 35, 76)
(2187, 35, 50)
(2188, 38, 92)
(2189, 36, 71)
(2190, 35, 71)
(2191, 36, 83)
(2192, 26, 58)
(2193, 35, 75)
(2194, 23, 85)
(2195, 31, 92)
(2196, 34, 69)
(2197, 24, 62)
(2198, 35, 59)
(2199, 23, 42)
(2200, 23, 56)
(2201, 37, 74)
(2202, 37, 82)
(2203, 20, 69)
(2204, 28, 86)
(2205, 25, 34)
(2206, 19, 91)
(2207, 23, 102)
(2208, 27, 95)
(2209, 20, 44)
(2210, 37, 82)
(2211, 19, 47)
(2212, 34, 88)
(2213, 28, 64)
(2214, 19, 96)
(2215, 29, 56)
(2216, 21, 36)
(2217, 38, 70)
(2218, 25, 91)
(2219, 20, 56)
(2220, 35, 41)
(2221, 34, 40)
(2222, 33, 40)
(2223, 19, 88)
(2224, 27, 35)
(2225, 37, 101)
(2226, 27, 77)
(2227, 29, 35)
(2228, 37, 100)
(2229, 32, 55)
(2230, 21, 39)
(2231, 20, 64)
(2232, 25, 62)
(2233, 24, 89)
(2234, 35, 70)
(2235, 33, 76)
(2236, 19, 79)
(2237, 31, 89)
(2238, 23, 34)
(2239, 19, 71)
(2240, 27, 56)
(2241, 35, 97)
(2242, 37, 40)
(2243, 23, 47)
(2244, 19, 70)
(2245, 21, 88)
(2246, 23, 62)
(2247, 25, 35)
(2248, 21, 68)
(2249, 23, 77)
(2250, 33, 101)
(2251, 23, 73)
(2252, 36, 84)
(2253, 21, 74)
(2254, 27, 97)
(2255, 22, 88)
(2256, 26, 77)
(2257, 22, 97)
(2258, 27, 40)
(2259, 19, 68)
(2260, 29, 66)
(2261, 24, 63)
(2262, 35, 91)
(2263, 28, 91)
(2264, 28, 90)
(2265, 19, 38)
(2266, 35, 38)
(2267, 31, 39)
(2268, 38, 86)
(2269, 29, 102)
(2270, 21, 39)
(2271, 27, 80)
(2272, 27, 85)
(2273, 22, 73)
(2274, 23, 93)
(2275, 38, 48)
(2276, 36, 34)
(2277, 20, 90)
(2278, 34, 66)
(2279, 31, 72)
(2280, 26, 60)
(2281, 37, 75)
(2282, 29, 84)
(2283, 22, 96)
(2284, 23, 41)
(2285, 20, 76)
(2286, 19, 38)
(2287, 25, 49)
(2288, 25, 80)
(2289, 20, 69)
(2290, 34, 56)
(2291, 29, 86)
(2292, 33, 50)
(2293, 21, 86)
(2294, 27, 69)
(2295, 25, 59)
(2296, 24, 88)
(2297, 27, 88)
(2298, 22, 100)
(2299, 19, 81)
(2300, 25, 60)
(2301, 36, 65)
(2302, 25, 77)
(2303, 22, 90)
(2304, 24, 34)
(2305, 32, 37)
(2306, 38, 63)
(2307, 38, 82)
(2308, 23, 65)
(2309, 22, 98)
(2310, 36, 97)
(2311, 26, 54)
(2312, 19, 40)
(2313, 21, 76)
(2314, 22, 83)
(2315, 24, 38)
(2316, 37, 70)
(2317, 31, 89)
(2318, 23, 42)
(2319, 20, 88)
(2320, 24, 35)
(2321, 30, 86)
(2322, 23, 35)
(2323, 35, 37)
(2324, 34, 40)
(2325, 34, 39)
(2326, 20, 47)
(2327, 26, 40)
(2328, 36, 55)
(2329, 30, 84)
(2330, 33, 85)
(2331, 28, 94)
(2332, 19, 33)
(2333, 19, 97)
(2334, 29, 88)
(2335, 21, 38)
(2336, 32, 34)
(2337, 23, 46)
(2338, 26, 88)
(2339, 19, 60)
(2340, 37, 88)
(2341, 19, 41)
(2342, 38, 100)
(2343, 25, 78)
(2344, 20, 48)
(2345, 31, 84)
(2346, 22, 79)
(2347, 38, 69)
(2348, 37, 100)
(2349, 36, 99)
(2350, 21, 86)
(2351, 31, 90)
(2352, 29, 44)
(2353, 26, 39)
(2354, 33, 82)
(2355, 29, 65)
(2356, 26, 33)
(2357, 35, 34)
(2358, 30, 69)
(2359, 38, 70)
(2360, 19, 46)
(2361, 21, 38)
(2362, 22, 53)
(2363, 36, 55)
(2364, 31, 70)
(2365, 31, 76)
(2366, 38, 33)
(2367, 37, 76)
(2368, 29, 93)
(2369, 38, 64)
(2370, 37, 97)
(2371, 20, 97)
(2372, 34, 81)
(2373, 22, 90)
(2374, 26, 39)
(2375, 35, 96)
(2376, 19, 35)
(2377, 23, 93)
(2378, 19, 87)
(2379, 19, 97)
(2380, 20, 61)
(2381, 36, 65)
(2382, 23, 53)
(2383, 34, 48)
(2384, 34, 91)
(2385, 19, 88)
(2386, 27, 46)
(2387, 38, 75)
(2388, 22, 80)
(2389, 35, 55)
(2390, 19, 59)
(2391, 19, 64)
(2392, 31, 38)
(2393, 21, 68)
(2394, 30, 54)
(2395, 19, 42)
(2396, 29, 70)
(2397, 34, 38)
(2398, 36, 77)
(2399, 19, 38)
(2400, 22, 64)
(2401, 30, 56)
(2402, 31, 47)
(2403, 25, 69)
(2404, 35, 56)
(2405, 33, 85)
(2406, 32, 37)
(2407, 26, 79)
(2408, 31, 70)
(2409, 27, 43)
(2410, 24, 102)
(2411, 29, 64)
(2412, 26, 48)
(2413, 38, 75)
(2414, 30, 86)
(2415, 23, 71)
(2416, 31, 59)
(2417, 35, 102)
(2418, 22, 88)
(2419, 26, 101)
(2420, 21, 84)
(2421, 22, 59)
(2422, 22, 61)
(2423, 34, 49)
(2424, 32, 45)
(2425, 21, 89)
(2426, 33, 68)
(2427, 36, 91)
(2428, 38, 56)
(2429, 38, 88)
(2430, 33, 97)
(2431, 20, 87)
(2432, 21, 67)
(2433, 22, 85)
(2434, 19, 36)
(2435, 30, 93)
(2436, 27, 77)
(2437, 23, 58)
(2438, 28, 51)
(2439, 30, 63)
(2440, 22, 66)
(2441, 28, 48)
(2442, 31, 55)
(2443, 24, 44)
(2444, 29, 93)
(2445, 30, 68)
(2446, 21, 73)
(2447, 36, 75)
(2448, 26, 75)
(2449, 38, 95)
(2450, 23, 44)
(2451, 25, 61)
(2452, 22, 45)
(2453, 37, 52)
(2454, 35, 37)
(2455, 23, 40)
(2456, 19, 49)
(2457, 26, 44)
(2458, 28, 68)
(2459, 23, 93)
(2460, 20, 86)
(2461, 27, 40)
(2462, 33, 60)
(2463, 35, 100)
(2464, 38, 99)
(2465, 37, 65)
(2466, 22, 61)
(2467, 22, 90)
(2468, 38, 42)
(2469, 21, 54)
(2470, 37, 55)
(2471, 32, 58)
(2472, 31, 59)
(2473, 21, 98)
(2474, 31, 57)
(2475, 25, 40)
(2476, 28, 99)
(2477, 38, 71)
(2478, 33, 69)
(2479, 35, 34)
(2480, 19, 50)
(2481, 22, 51)
(2482, 23, 71)
(2483, 25, 63)
(2484, 37, 51)
(2485, 33, 51)
(2486, 36, 60)
(2487, 37, 49)
(2488, 32, 83)
(2489, 28, 65)
(2490, 38, 101)
(2491, 33, 36)
(2492, 28, 44)
(2493, 23, 35)
(2494, 29, 37)
(2495, 33, 92)
(2496, 38, 42)
(2497, 20, 35)
(2498, 24, 65)
(2499, 33, 52)
(2500, 29, 86)
(2501, 38, 99)
(2502, 34, 60)
(2503, 34, 91)
(2504, 34, 55)
(2505, 38, 97)
(2506, 26, 67)
(2507, 33, 49)
(2508, 31, 46)
(2509, 22, 39)
(2510, 33, 63)
(2511, 23, 85)
(2512, 29, 66)
(2513, 24, 87)
(2514, 23, 80)
(2515, 35, 54)
(2516, 27, 59)
(2517, 36, 95)
(2518, 20, 70)
(2519, 31, 57)
(2520, 32, 79)
(2521, 35, 46)
(2522, 28, 82)
(2523, 19, 94)
(2524, 23, 76)
(2525, 25, 86)
(2526, 21, 40)
(2527, 27, 85)
(2528, 22, 83)
(2529, 28, 76)
(2530, 30, 96)
(2531, 30, 43)
(2532, 27, 81)
(2533, 38, 96)
(2534, 32, 89)
(2535, 29, 66)
(2536, 20, 73)
(2537, 30, 92)
(2538, 31, 55)
(2539, 31, 69)
(2540, 31, 83)
(2541, 25, 40)
(2542, 23, 35)
(2543, 31, 86)
(2544, 26, 90)
(2545, 38, 92)
(2546, 24, 101)
(2547, 36, 94)
(2548, 33, 38)
(2549, 25, 35)
(2550, 23, 84)
(2551, 21, 75)
(2552, 38, 89)
(2553, 26, 71)
(2554, 34, 43)
(2555, 35, 76)
(2556, 34, 72)
(2557, 31, 98)
(2558, 21, 50)
(2559, 34, 84)
(2560, 37, 53)
(2561, 27, 93)
(2562, 34, 72)
(2563, 38, 85)
(2564, 32, 52)
(2565, 28, 57)
(2566, 32, 33)
(2567, 24, 63)
(2568, 26, 79)
(2569, 23, 77)
(2570, 31, 85)
(2571, 20, 71)
(2572, 19, 50)
(2573, 28, 34)
(2574, 32, 88)
(2575, 22, 96)
(2576, 37, 56)
(2577, 37, 56)
(2578, 25, 95)
(2579, 37, 36)
(2580, 26, 98)
(2581, 32, 97)
(2582, 37, 63)
(2583, 30, 63)
(2584, 34, 39)
(2585, 37, 90)
(2586, 28, 67)
(2587, 30, 42)
(2588, 23, 33)
(2589, 22, 73)
(2590, 25, 49)
(2591, 31, 53)
(2592, 25, 96)
(2593, 22, 44)
(2594, 27, 75)
(2595, 27, 51)
(2596, 24, 67)
(2597, 32, 40)
(2598, 36, 55)
(2599, 26, 76)
(2600, 35, 98)
(2601, 21, 96)
(2602, 24, 90)
(2603, 19, 69)
(2604, 23, 42)
(2605, 36, 85)
(2606, 21, 48)
(2607, 31, 45)
(2608, 33, 96)
(2609, 38, 55)
(2610, 36, 61)
(2611, 26, 97)
(2612, 32, 44)
(2613, 21, 59)
(2614, 28, 87)
(2615, 35, 81)
(2616, 38, 86)
(2617, 25, 101)
(2618, 32, 50)
(2619, 19, 58)
(2620, 32, 75)
(2621, 23, 48)
(2622, 19, 98)
(2623, 26, 53)
(2624, 35, 99)
(2625, 21, 70)
(2626, 26, 52)
(2627, 22, 95)
(2628, 30, 43)
(2629, 19, 56)
(2630, 33, 35)
(2631, 26, 65)
(2632, 30, 76)
(2633, 24, 72)
(2634, 28, 61)
(2635, 21, 64)
(2636, 30, 40)
(2637, 26, 70)
(2638, 27, 70)
(2639, 26, 83)
(2640, 35, 47)
(2641, 32, 92)
(2642, 30, 56)
(2643, 35, 79)
(2644, 30, 35)
(2645, 30, 59)
(2646, 30, 80)
(2647, 27, 92)
(2648, 38, 54)
(2649, 38, 97)
(2650, 30, 59)
(2651, 21, 97)
(2652, 27, 39)
(2653, 21, 63)
(2654, 21, 43)
(2655, 27, 37)
(2656, 19, 76)
(2657, 36, 60)
(2658, 33, 86)
(2659, 19, 42)
(2660, 20, 98)
(2661, 30, 94)
(2662, 35, 49)
(2663, 20, 102)
(2664, 24, 42)
(2665, 36, 82)
(2666, 23, 68)
(2667, 37, 81)
(2668, 30, 54)
(2669, 24, 80)
(2670, 37, 100)
(2671, 24, 95)
(2672, 36, 41)
(2673, 35, 71)
(2674, 27, 47)
(2675, 22, 42)
(2676, 34, 72)
(2677, 36, 34)
(2678, 29, 76)
(2679, 24, 34)
(2680, 26, 36)
(2681, 38, 85)
(2682, 37, 91)
(2683, 34, 59)
(2684, 34, 99)
(2685, 26, 71)
(2686, 26, 53)
(2687, 35, 46)
(2688, 36, 49)
(2689, 31, 90)
(2690, 24, 73)
(2691, 38, 75)
(2692, 22, 63)
(2693, 22, 91)
(2694, 22, 56)
(2695, 32, 79)
(2696, 25, 34)
(2697, 26, 34)
(2698, 35, 79)
(2699, 26, 60)
(2700, 21, 90)
(2701, 28, 37)
(2702, 33, 57)
(2703, 25, 62)
(2704, 35, 96)
(2705, 27, 36)
(2706, 32, 53)
(2707, 20, 100)
(2708, 32, 63)
(2709, 30, 90)
(2710, 27, 101)
(2711, 33, 62)
(2712, 36, 80)
(2713, 19, 59)
(2714, 33, 66)
(2715, 32, 40)
(2716, 24, 36)
(2717, 38, 59)
(2718, 23, 84)
(2719, 33, 95)
(2720, 37, 55)
(2721, 23, 56)
(2722, 38, 52)
(2723, 32, 85)
(2724, 28, 74)
(2725, 26, 47)
(2726, 33, 81)
(2727, 38, 91)
(2728, 29, 102)
(2729, 23, 78)
(2730, 30, 80)
(2731, 21, 37)
(2732, 27, 33)
(2733, 37, 59)
(2734, 34, 72)
(2735, 25, 74)
(2736, 21, 101)
(2737, 37, 68)
(2738, 26, 53)
(2739, 20, 55)
(2740, 33, 97)
(2741, 25, 45)
(2742, 22, 63)
(2743, 38, 75)
(2744, 31, 79)
(2745, 20, 35)
(2746, 19, 80)
(2747, 23, 38)
(2748, 33, 65)
(2749, 37, 55)
(2750, 19, 92)
(2751, 21, 45)
(2752, 25, 66)
(2753, 19, 46)
(2754, 29, 65)
(2755, 34, 39)
(2756, 35, 33)
(2757, 21, 77)
(2758, 20, 69)
(2759, 28, 94)
(2760, 27, 86)
(2761, 22, 35)
(2762, 36, 90)
(2763, 38, 71)
(2764, 27, 79)
(2765, 36, 85)
(2766, 34, 88)
(2767, 32, 73)
(2768, 22, 59)
(2769, 27, 41)
(2770, 24, 85)
(2771, 27, 92)
(2772, 35, 90)
(2773, 19, 78)
(2774, 25, 98)
(2775, 24, 36)
(2776, 21, 33)
(2777, 35, 95)
(2778, 37, 38)
(2779, 24, 62)
(2780, 23, 65)
(2781, 30, 47)
(2782, 36, 64)
(2783, 22, 82)
(2784, 28, 70)
(2785, 35, 55)
(2786, 38, 100)
(2787, 26, 80)
(2788, 37, 45)
(2789, 22, 37)
(2790, 34, 35)
(2791, 38, 41)
(2792, 32, 65)
(2793, 19, 52)
(2794, 31, 61)
(2795, 32, 51)
(2796, 27, 58)
(2797, 23, 67)
(2798, 24, 63)
(2799, 30, 47)
(2800, 25, 46)
(2801, 23, 77)
(2802, 19, 100)
(2803, 20, 98)
(2804, 30, 41)
(2805, 34, 60)
(2806, 36, 78)
(2807, 25, 95)
(2808, 22, 67)
(2809, 36, 71)
(2810, 32, 47)
(2811, 29, 79)
(2812, 28, 82)
(2813, 32, 80)
(2814, 21, 41)
(2815, 30, 64)
(2816, 21, 89)
(2817, 26, 37)
(2818, 33, 52)
(2819, 25, 97)
(2820, 33, 80)
(2821, 35, 61)
(2822, 20, 101)
(2823, 24, 81)
(2824, 31, 97)
(2825, 38, 72)
(2826, 24, 52)
(2827, 22, 101)
(2828, 34, 88)
(2829, 21, 77)
(2830, 22, 39)
(2831, 24, 75)
(2832, 21, 60)
(2833, 35, 74)
(2834, 37, 80)
(2835, 33, 46)
(2836, 32, 53)
(2837, 33, 54)
(2838, 20, 71)
(2839, 28, 43)
(2840, 34, 101)
(2841, 28, 74)
(2842, 21, 79)
(2843, 20, 68)
(2844, 34, 93)
(2845, 27, 39)
(2846, 35, 33)
(2847, 21, 76)
(2848, 25, 59)
(2849, 29, 96)
(2850, 26, 53)
(2851, 29, 81)
(2852, 33, 77)
(2853, 20, 95)
(2854, 33, 94)
(2855, 35, 66)
(2856, 24, 62)
(2857, 33, 81)
(2858, 23, 58)
(2859, 37, 46)
(2860, 36, 84)
(2861, 38, 53)
(2862, 19, 91)
(2863, 37, 96)
(2864, 30, 59)
(2865, 38, 34)
(2866, 27, 66)
(2867, 23, 52)
(2868, 22, 61)
(2869, 36, 81)
(2870, 21, 67)
(2871, 38, 74)
(2872, 20, 96)
(2873, 21, 69)
(2874, 28, 71)
(2875, 28, 52)
(2876, 37, 87)
(2877, 38, 99)
(2878, 37, 54)
(2879, 32, 42)
(2880, 20, 82)
(2881, 20, 72)
(2882, 28, 71)
(2883, 22, 90)
(2884, 19, 81)
(2885, 24, 99)
(2886, 31, 36)
(2887, 23, 83)
(2888, 21, 87)
(2889, 37, 41)
(2890, 33, 83)
(2891, 33, 43)
(2892, 33, 54)
(2893, 26, 75)
(2894, 21, 77)
(2895, 25, 76)
(2896, 30, 91)
(2897, 26, 70)
(2898, 22, 79)
(2899, 36, 42)
(2900, 35, 48)
(2901, 19, 53)
(2902, 19, 34)
(2903, 34, 51)
(2904, 21, 100)
(2905, 36, 60)
(2906, 20, 43)
(2907, 23, 75)
(2908, 36, 96)
(2909, 24, 79)
(2910, 37, 85)
(2911, 31, 69)
(2912, 25, 86)
(2913, 19, 91)
(2914, 27, 75)
(2915, 32, 48)
(2916, 36, 84)
(2917, 27, 63)
(2918, 35, 101)
(2919, 35, 66)
(2920, 29, 47)
(2921, 20, 82)
(2922, 38, 70)
(2923, 28, 47)
(2924, 33, 96)
(2925, 26, 61)
(2926, 38, 67)
(2927, 36, 89)
(2928, 23, 51)
(2929, 25, 75)
(2930, 34, 62)
(2931, 31, 95)
(2932, 33, 94)
(2933, 38, 97)
(2934, 35, 66)
(2935, 35, 61)
(2936, 32, 40)
(2937, 19, 67)
(2938, 19, 75)
(2939, 19, 85)
(2940, 30, 42)
(2941, 36, 82)
(2942, 35, 45)
(2943, 21, 73)
(2944, 21, 65)
(2945, 31, 93)
(2946, 23, 91)
(2947, 35, 82)
(2948, 37, 60)
(2949, 35, 39)
(2950, 24, 58)
(2951, 28, 59)
(2952, 34, 49)
(2953, 19, 43)
(2954, 19, 88)
(2955, 35, 70)
(2956, 28, 78)
(2957, 30, 82)
(2958, 28, 95)
(2959, 31, 60)
(2960, 28, 84)
(2961, 33, 81)
(2962, 32, 62)
(2963, 27, 87)
(2964, 25, 35)
(2965, 26, 98)
(2966, 28, 48)
(2967, 20, 64)
(2968, 27, 59)
(2969, 35, 42)
(2970, 26, 77)
(2971, 24, 46)
(2972, 34, 58)
(2973, 19, 33)
(2974, 29, 62)
(2975, 27, 57)
(2976, 19, 99)
(2977, 23, 94)
(2978, 21, 44)
(2979, 36, 49)
(2980, 32, 51)
(2981, 25, 101)
(2982, 34, 62)
(2983, 27, 57)
(2984, 19, 67)
(2985, 36, 99)
(2986, 31, 85)
(2987, 29, 35)
(2988, 26, 58)
(2989, 20, 46)
(2990, 26, 94)
(2991, 26, 58)
(2992, 24, 50)
(2993, 23, 89)
(2994, 33, 96)
(2995, 32, 36)
(2996, 26, 90)
(2997, 36, 99)
(2998, 26, 44)
(2999, 38, 34)
(3000, 19, 54)
(3001, 27, 92)
(3002, 1, 92)
(3003, 1, 92)
(3004, 1, 92)
